30
0 0
1 1
2 3
3 6
4 10
5 15
6 21
7 28
8 36
9 45
10 55
11 66
12 78
13 91
14 105
15 120
16 136
17 153
18 171
19 190
20 210
21 231
22 253
23 276
24 300
25 325
26 351
27 378
28 406
29 435
100
4 12 10
30 7 1
30 21 29
9 16 17
17 22 3
29 17 16
30 14 25
10 8 26
28 22 29
1 3 24
4 12 15
2 4 15
22 2 15
7 19 1
21 5 3
11 13 10
10 26 4
19 25 11
14 23 24
5 15 26
28 19 29
13 12 2
19 4 3
2 14 25
14 10 20
24 22 29
3 9 25
13 4 5
27 26 21
1 10 8
20 7 24
2 8 12
27 3 6
20 8 1
26 17 20
19 30 18
14 9 12
26 4 9
22 29 21
14 30 28
26 12 4
11 5 4
23 28 4
6 28 29
22 9 18
22 19 1
22 18 25
30 2 15
12 15 6
10 2 17
5 13 21
8 27 5
6 16 9
11 6 7
24 14 16
15 2 16
28 24 26
22 15 27
28 27 3
4 28 5
20 2 9
3 10 5
7 20 15
9 25 14
2 1 29
9 2 7
6 17 2
20 2 28
17 20 30
20 17 26
2 10 4
4 11 30
2 17 20
9 17 6
22 19 6
12 19 30
18 16 19
27 9 16
14 20 8
25 28 26
8 29 21
18 28 23
27 9 23
13 7 14
23 12 25
3 5 19
19 23 15
19 1 20
9 30 15
6 24 10
5 22 23
23 12 7
11 12 29
23 18 4
8 22 20
10 24 20
4 9 5
23 9 24
23 30 28
23 2 25
